hsM 0 500 879
hsM 500 1000 1156
hsM 1000 1500 1437
hsM 1500 2000 1599
hsM 2000 2500 1761
hsM 2500 3000 1997
hsM 3000 3500 2129
hsM 3500 4000 2299
hsM 4000 4500 2483
hsM 4500 5000 2530
hsM 5000 5500 2485
hsM 5500 6000 2762
hsM 6000 6500 3683
hsM 6500 7000 2640
hsM 7000 7500 2761
hsM 7500 8000 2720
hsM 8000 8500 2670
hsM 8500 9000 2738
hsM 9000 9500 2741
hsM 9500 10000 2651
hsM 10000 10500 2517
hsM 10500 11000 2430
hsM 11000 11500 2446
hsM 11500 12000 2324
hsM 12000 12500 2540
hsM 12500 13000 3413
hsM 13000 13500 2902
hsM 13500 14000 2451
hsM 14000 14500 2344
hsM 14500 15000 2582
hsM 15000 15500 1271
hsM 15500 16000 1067
hsM 16000 16500 1730
hsM 16500 17000 15
